0.111111
0.495964
1.535964
1.855964
2.837324
3.135964
4.095964
4.45864
5.183991
5.717324
6.591973
6.954648
7.999955
8.298639
9.279955
9.642631
10.28263
10.85864
11.79732
12.13864
13.18399
13.48263
14.46399
14.80531
15.42399
16.06399
16.95996
17.23732
18.32531
18.62399
19.54132
19.88263
20.58662
21.20531
22.18662
22.48531
23.46662
23.78662
24.76798
25.08798
25.7493
26.36798
27.32798
27.62662
28.65066
28.9493
29.93066
30.2293
30.8693
31.55197
32.49066
32.7893
33.79197
34.09066
35.09329
35.41329
36.07465
36.69329
37.63197
37.99465
38.97596
39.27465
40.23465
40.55465
41.21597
41.83465
42.77329
43.11465
44.15995
44.47995
45.46132
45.75996
46.37864
47.01864
47.93596
48.31995
49.27995
49.57864
50.58131
50.87996
51.51995
52.22399
53.14132
53.43995
54.44263
54.76263
55.78662
56.0853
56.72531
57.38662
58.23996
58.58131
59.58399
59.9253
60.86399
61.20531
61.88798
62.5493
63.46662
63.78662
64.76798
65.08798
66.02662
66.36798
67.0293
67.64798
68.54399
68.88531
69.95197
70.25066
71.27465
71.61597
72.23465
72.87465
73.83465
74.13329
75.09328
75.41328
76.37329
76.69329
77.37596
77.97329
78.89066
79.23197
80.25597
80.57597
81.53596
81.87733
82.45329
83.09328
84.11732
84.41596
85.41864
85.71732
86.76263
87.06132
87.70132
88.29864
89.27995
89.55733
90.60263
90.92263
91.88263
92.20263
92.84263
93.50399
94.48531
94.78399
95.7653
96.0853
97.06662
97.3653
98.0053
98.62399
99.60531
99.94662
100.8853
101.2266
102.144
102.5066
103.168
103.7866
104.6826
105.0026
106.0907
106.4107
107.328
107.648
108.3093
108.928
109.8666
110.208
111.2107
111.5307
112.4907
112.832
113.472
114.0907
115.072
115.392
116.3733
116.6933
117.6747
118.016
118.6347
119.232
120.256
120.5973
121.5786
121.92
122.9013
123.2213
123.84
124.4373
125.4186
125.7386
126.72
127.04
128.0426
128.3626
129.0026
129.6213
130.624
130.9226
131.9253
132.224
133.184
133.504
134.1866
134.7626
135.7226
136.064
137.0453
137.3653
138.24
138.6453
139.3066
139.8826
140.7146
141.0986
142.144
142.5066
143.4666
143.808
144.4266
145.0453
146.048
146.3893
147.328
147.6907
148.608
148.9493
149.5466
150.2293
151.1893
151.5307
152.4907
152.8107
153.7707
154.112
154.816
155.4133
156.3307
156.6933
157.6747
157.9946
158.912
159.2746
159.936
160.5546
161.536
161.856
162.8586
163.2
164.1173
164.4799
165.0773
165.7386
166.656
166.9973
168
168.3413
169.2373
169.6
170.2613
170.8586
171.8186
172.1813
173.2053
173.504
174.4426
174.7626
175.3813
176.0213
176.9173
177.3013
178.3253
178.6453
179.648
179.9466
180.544
181.184
