1.770658
3.178662
5.631996
7.573311
10.47465
11.15732
15.59465
17.40798
18.26131
19.02932
19.28533
19.47732
20.37331
20.56533
20.82132
21.03465
21.73866
22.63465
23.21066
24.59732
24.832
25.77066
26.62399
27.32798
28.33066
28.56533
29.48265
29.69599
29.93066
31.12533
31.31732
32.21331
32.63998
33.17331
34.62399
36.56533
38.54932
39.55199
40.512
42.34665
43.13599
44.01066
44.58664
44.84265
45.09866
45.35465
45.61066
45.82399
50.85866
51.09331
51.32798
51.56265
52.07465
52.28798
52.50132
54.33599
56.19199
57.13066
61.632
63.57331
64.55465
65.45066
66.28265
67.09331
72.63998
73.08798
73.51465
73.96265
74.41066
74.85867
75.30664
75.77599
76.22399
76.62932
77.11998
77.54665
78.01598
78.48533
78.95465
79.46664
79.85065
80.29866
80.78932
