1.023991
2.687982
4.394649
4.885329
5.90932
6.634648
8.021316
9.066644
10.04798
10.96533
11.56265
12.05331
13.952
14.63465
14.86932
15.40265
17.25866
18.41066
21.31199
22.35732
24.31998
25.96265
28.79998
31.89331
32.38399
32.87465
33.38664
35.37066
38.272
39.33866
39.82932
40.23465
42.06932
42.90131
46.592
48.61866
54.07998
55.48798
56.89598
58.51732
58.73066
60.33066
63.12533
64.14932
65.02399
65.87733
66.66664
67.60533
68.05331
68.45866
68.86399
69.37598
69.80265
70.22932
70.71998
71.16798
71.59465
72.06399
