1.471995
2.922653
4.671996
5.439977
6.421315
6.911995
8.639977
9.791995
12.47998
13.22664
14.37866
15.78664
17.792
20.15998
21.88798
23.42399
27.54132
27.79733
33.59998
33.81331
34.04798
39.06131
40.91732
41.27998
41.51465
41.72798
53.03465
53.24798
53.46132
53.67465
53.86665
55.03998
56.40533
56.68265
57.53599
59.07199
61.37599
63.29599
64.29866
65.19465
66.02664
66.81599
67.79733
68.18131
68.60798
69.05598
69.52533
69.952
70.39998
70.89066
71.29599
71.74399
72.19199
72.57599
73.00266
73.42932
73.87733
74.34664
74.79465
75.26399
75.69066
76.11732
76.58665
77.05598
77.50399
77.97331
78.44265
78.93331
79.42399
