1.258662
2.794648
4.181315
5.141315
6.186644
7.18932
8.255986
9.578662
10.73066
12.28798
12.992
14.18664
17.57866
18.09066
18.79465
19.69066
21.61066
22.86932
23.872
25.04533
25.51465
27.07199
28.05331
29.26932
30.12265
31.61599
31.91465
32.38399
32.89598
33.38664
34.81599
35.81866
36.33066
38.78399
39.80798
40.63998
41.10932
42.53866
43.37066
43.77599
46.07998
47.10399
47.35998
47.55199
47.76533
47.97866
48.19199
50.53866
51.81866
52.71465
54.52798
55.97866
57.32265
58.92265
61.01331
63.21066
64.19199
65.08798
65.94131
66.752
67.712
68.13866
68.52265
68.992
69.46132
69.86665
70.31465
70.80533
71.25331
71.65866
72.14932
72.51199
72.95998
73.36533
73.83465
74.30399
74.73066
75.17867
75.64798
