1.13
1.962
2.837
3.69
4.565
5.397
6.271
7.103
7.935
8.831
9.706
10.559
11.391
12.202
13.055
13.951
14.805
15.679
16.597
17.407
18.218
19.135
19.967
20.842
21.674
22.549
23.402
24.234
25.066
25.983
26.794
27.669
28.501
29.354
30.25
31.082
31.935
32.81
33.621
34.474
35.37
36.202
37.055
37.909
38.762
39.658
40.511
41.343
42.218
43.071
43.946
44.778
45.653
46.527
47.402
48.255
49.087
49.962
50.858
51.69
52.501
53.333
54.207
55.082
55.893
56.746
57.599
58.453
59.37
60.159
61.034
61.909
62.805
63.679
64.533
65.343
66.218
67.072
67.925
68.821
69.632
70.463
71.359
72.234
73.109
73.962
74.815
75.647
76.522
77.439
78.271
79.103
79.935
80.746
81.642
82.517
83.349
84.287
85.098
85.93
86.783
87.615
88.426
89.301
90.175
91.072
91.946
92.821
93.653
94.527
95.359
96.191
97.066
97.962
98.815
99.669
100.501
101.333
102.186
103.039
103.893
104.767
105.621
106.474
107.37
108.181
109.077
109.973
110.805
111.658
112.511
113.343
114.239
115.072
115.925
116.757
117.653
118.506
119.402
120.234
121.045
121.941
122.794
123.605
124.501
125.354
126.186
127.061
127.957
128.81
129.663
130.517
131.349
132.202
133.055
133.887
134.741
135.573
136.447
137.322
138.133
139.029
139.925
140.736
141.631
142.463
143.317
144.213
145.045
145.941
146.794
147.605
148.479
149.312
150.144
150.997
151.85
152.725
153.557
154.453
155.306
156.181
157.034
157.887
158.762
159.615
160.49
161.322
162.154
163.05
163.925
164.842
165.631
166.442
167.317
168.127
169.002
169.813
170.687
171.583
172.479
173.312
174.144
175.018
175.935
176.81
177.642
178.495
179.327
180.181
181.055
181.909
182.762
184.021
184.917
185.792
186.602
187.498
188.309
189.162
190.015
190.869
191.722
192.639
193.557
194.367
195.135
196.032
197.269
198.186
199.039
199.872
200.682
201.557
202.431
203.285
204.138
205.013
205.866
206.762
207.615
208.426
209.344
210.175
211.029
211.903
212.821
213.631
214.463
215.317
216.192
217.066
217.855
218.752
219.626
220.437
221.312
222.122
223.061
223.935
224.767
225.663
226.453
227.327
228.202
229.055
229.887
230.784
231.552
232.426
233.344
234.154
234.986
235.839
236.736
237.546
238.421
239.274
240.149
240.981
241.834
242.709
243.541
244.415
245.29
246.997
247.893
248.725
249.599
250.431
251.242
252.138
252.991
253.845
254.719
255.594
256.447
257.279
258.112
259.008
259.839
260.693
261.61
262.485
263.381
264.213
265.066
265.877
266.73
267.584
268.437
269.29
270.165
271.018
271.893
272.682
273.109
274.389
