21.01331
24.08533
28.92798
38.57066
40.17066
41.72798
43.28533
50.49599
52.86399
56.02132
59.28533
64.85331
66.47465
68.032
70.48533
72.87465
75.28533
79.23199
81.72798
95.16798
99.24265
102.464
104.0213
106.496
109.6107
111.2107
112.7893
114.3253
115.2427
116.7573
118.4213
120.0427
121.5787
122.3893
123.264
123.9893
124.8213
125.632
126.3787
127.2533
128.0426
128.7466
129.5787
130.3466
131.136
131.968
132.7573
133.568
134.4
135.1466
135.9787
136.7466
137.6
138.3893
139.2
139.9466
140.7573
141.568
142.3787
143.1893
144
144.832
145.6
146.368
147.1573
147.904
148.7146
149.5466
