6.783991
8.170657
9.962653
11.37066
15.35998
18.45331
21.14132
22.57066
24.34131
25.94131
27.37066
29.09866
30.54932
34.92265
35.73331
36.52265
37.312
38.12265
40.91732
42.51732
44.05331
46.69866
48.08533
49.85599
51.47733
52.92798
54.67732
56.06399
58.73066
60.13866
60.52265
61.86665
63.70132
68.11732
68.65066
69.69598
70.25066
71.59465
74.45331
75.02932
78.86932
80.36266
81.64265
82.45331
84.09599
85.58932
87.21066
88.72533
90.70932
92.33066
93.88799
95.55199
96.83199
97.34399
98.752
101.0773
103.4027
104.8107
105.1946
106.6453
109.0346
110.4213
112.2346
113.6
115.4133
116.8427
118.592
120
122.816
123.584
124.3946
125.6747
127.488
129.4933
131.1147
132.736
135.4453
136.832
137.3013
138.6453
140.2666
141.5253
142.08
143.4026
144.7893
145.3226
146.6453
148.16
149.5253
149.952
