6.613311
8.362653
9.770658
11.56265
13.80265
16.95998
18.90132
20.92798
22.76265
24.14932
25.77066
27.54132
28.94932
30.76265
34.60265
35.32798
36.13866
36.97066
37.71732
40.14932
41.68533
43.26399
46.52798
48.29866
49.66399
51.30664
53.09866
54.46399
56.27732
58.53866
58.92265
60.35199
61.67465
62.07998
63.35998
68.37331
69.97331
71.29599
71.95732
74.752
76.09599
78.50665
79.99998
82.02664
82.83733
84.82131
86.37866
88.02132
89.62132
90.432
91.00798
92.01066
92.58665
93.632
94.16533
95.31732
95.80798
97.08798
98.47465
99.02932
100.864
103.1893
103.5733
105.0027
106.432
106.8587
108.8213
110.6133
112.0213
113.8133
115.264
117.0773
118.4426
120.192
122.3893
123.1787
124.032
125.952
127.168
128.768
130.304
131.8827
133.504
135.1893
135.7013
137.0453
138.368
138.9227
139.9466
140.5227
141.8027
143.1253
143.7013
145.0453
146.3253
146.9227
147.968
148.352
149.76
