89.85599
91.22131
92.05331
92.88533
93.22665
93.58932
94.44265
95.23199
96.04266
96.40533
97.62132
97.96265
99.24265
99.58399
100.8427
101.2053
103.232
103.6373
104.832
105.216
106.688
107.968
109.888
111.1893
113.088
114.688
116.0107
116.5653
117.9093
119.2107
119.8293
121.152
121.984
122.816
123.6053
124.3946
125.2053
125.9947
126.784
127.616
128.192
128.6187
129.0027
129.4293
129.8347
130.1973
130.6026
131.0293
131.4346
131.84
132.2666
132.6507
133.056
133.504
133.9093
134.2507
136.1707
137.6
137.9626
139.3707
140.7787
141.184
142.5707
143.9787
144.3627
145.7493
147.9893
148.3733
149.5893
149.9733
