46.52798
48.08533
49.68533
51.28533
52.88533
54.48533
56.10664
57.74932
58.51732
58.70932
58.90131
60.07465
60.26664
60.47998
61.73866
61.90932
62.07998
63.21066
63.65866
65.68533
66.47465
67.28533
68.09599
68.90665
69.69598
70.50665
71.31732
72.10664
72.91733
73.70664
74.49599
75.30664
76.07465
76.92798
77.26932
77.73866
78.12265
78.48533
78.89066
79.31732
79.67998
80.12798
80.49065
80.93866
81.32265
81.72798
82.11199
82.51733
82.92265
102.4853
103.4453
105.0453
106.432
106.8587
108.3733
109.6107
111.488
112.8107
113.3653
114.3893
114.9653
116.3093
117.6107
118.208
119.5307
120.7893
121.6427
122.4107
123.2
124.0107
124.8
125.632
126.3787
127.2107
128
128.4053
128.8107
129.216
129.664
130.0266
130.3893
130.816
131.2213
131.648
132.0746
132.4587
132.8427
133.2907
133.696
134.08
136
136.384
137.8133
139.1787
139.5627
140.992
142.4
142.7626
144.1707
145.5787
146.0053
147.2
148.2027
149.8027
