1.983991
3.797324
5.26932
5.674649
6.527982
7.914649
8.533311
8.895987
10.96533
11.32798
14.29331
15.03998
15.74399
16.512
17.23732
17.59998
18.79465
19.54132
20.30932
20.672
21.80265
22.57066
24.36265
25.04533
26.30399
27.41331
30.14399
31.57331
32.76798
35.39199
36.79998
37.97331
41.32265
43.26399
44.672
46.52798
48.61866
53.33331
55.97866
56.63998
58.41066
59.05066
60.82132
62.99733
64.51199
65.96265
66.58131
68.45866
69.18399
70.76265
73.25866
79.35998
81.79199
84.992
87.55199
90.06932
90.432
92.69331
94.93331
97.21599
98.94399
99.62664
100.0107
102.4213
103.744
104.448
105.728
106.432
107.8613
111.1893
112.5973
115.6907
117.3546
119.104
122.176
125.632
127.9787
128.704
129.408
130.0693
130.752
131.4133
132.1173
132.8427
133.6747
134.208
134.5493
134.8266
135.168
135.936
136.5333
136.832
137.1093
137.3866
137.9626
138.5813
139.072
139.3493
139.648
139.9893
140.7146
141.2907
141.5466
141.824
142.144
142.4427
142.7413
143.5307
144.192
144.8746
145.4933
146.112
146.7093
147.3493
148.48
152.256
158.8053
