2.687982
4.501315
5.461315
5.823991
7.125329
8.319978
8.725328
11.13599
11.51998
14.65599
15.42399
16.12798
16.85331
17.98399
18.432
19.15732
19.90399
21.03465
21.39732
22.16533
23.38132
24.72533
25.64265
27.05066
27.75465
30.91199
33.06664
36.13866
38.272
40.61866
42.02665
43.88265
45.90932
47.27465
50.90131
54.39998
56.29866
56.91732
58.70932
59.34932
62.76265
63.33866
65.62132
66.23997
68.032
68.79998
72.21331
74.06932
80.61866
83.81866
88.38399
90.21866
92.54399
92.86399
94.76265
95.10399
97.19465
99.45599
99.77599
100.0107
102.4213
103.04
104.448
105.0666
106.432
108.5227
110.3147
111.9146
113.3013
115.3707
116.672
118.3787
120.576
123.3707
126.2933
128.384
129.024
129.7066
130.3893
131.0507
131.84
132.5013
133.2053
133.8666
134.4
134.6773
135.0187
135.5733
136.2133
136.704
136.9813
137.28
137.6213
138.304
138.944
139.264
139.52
139.8187
140.3733
140.992
141.4827
141.7387
142.0373
142.3147
142.6133
143.2107
143.8507
144.576
145.152
145.792
146.4107
146.9653
148.48
152.256
158.8053
