97.26374
97.90374
98.54374
99.01306
99.48241
99.63172
99.80241
99.95172
100.5917
101.2957
102.0637
102.9597
103.7064
103.8984
104.0477
104.2611
104.9864
105.7971
106.0317
106.1597
106.3517
106.5011
107.1624
107.9091
108.0584
108.2291
108.3784
108.5277
108.7411
108.8691
109.4451
110.2131
110.3837
110.5544
110.7251
110.9171
111.1304
111.2371
111.8984
112.5811
112.7731
112.9224
113.1144
113.2851
113.4557
113.6264
113.7971
115.0557
115.2264
115.3757
115.5677
115.7597
115.9091
116.7411
117.3384
117.4877
117.6797
117.8291
118.0424
118.1491
119.1091
119.8131
120.0051
120.1544
120.3037
120.4531
120.8797
122.2451
122.7571
123.4184
123.9091
124.6131
124.7837
124.9544
125.1251
125.2957
125.4451
125.7224
126.2984
127.0024
128.1331
128.4104
128.7304
129.0291
129.3917
129.5624
129.7544
129.9251
130.0957
130.2664
130.4157
130.7571
131.0984
131.4184
131.8024
131.9731
132.1437
132.3144
132.4851
132.6771
132.8477
133.1464
133.4877
133.8291
134.1704
134.3411
134.5117
134.6611
134.8317
135.0237
135.1944
135.5357
135.8557
136.1757
136.5597
136.7304
136.9011
137.0504
137.2424
137.4131
137.6051
137.9464
138.3304
138.6504
138.9917
139.1624
139.3331
139.5037
139.6744
139.8451
140.0371
140.3571
140.6771
141.0184
141.3597
141.5517
141.7011
141.8717
142.0211
142.2131
142.3624
142.5544
142.7464
142.8957
143.0451
143.2371
143.3864
143.5357
143.7277
143.9197
144.0691
144.1971
144.3677
144.5384
144.6877
144.8584
145.0077
145.1571
145.3277
145.4771
145.6477
145.8184
145.9891
146.1384
146.3091
146.4584
146.6077
146.7997
146.9491
147.1411
147.2904
147.4611
147.6317
147.8024
