4.802653
5.802653
6.122653
8.426644
8.746644
10.98664
11.32798
22.39998
24.87465
27.86131
30.16533
32.74664
35.45599
37.952
40.74664
45.99465
47.31733
51.00798
54.74131
56.27732
56.87465
58.51732
59.07199
62.76265
63.27465
65.53599
66.11199
70.10132
70.80533
73.23733
78.95465
85.20533
89.91998
90.30399
94.74132
95.12533
97.32265
98.85867
99.58399
99.96798
100.6507
101.3333
103.0613
103.8933
104.4266
105.1093
106.0053
106.3253
107.8827
108.5227
108.8213
109.5253
111.9146
114.304
116.672
118.3787
125.5466
