52.93995
54.28395
55.92662
57.14263
58.50796
59.78796
60.89728
62.66796
63.30796
64.6093
65.5693
66.93462
68.1293
69.45195
70.77463
72.03329
73.16395
74.44395
75.85195
77.53728
78.92394
80.37463
81.78263
83.51061
85.15329
87.67061
88.39597
89.12129
90.33728
91.38263
92.85463
94.88129
95.03061
95.17995
96.16129
96.82263
97.22796
97.91061
98.57195
99.04129
99.46796
99.65996
99.8093
99.97996
100.6626
101.3239
102.0066
102.988
103.756
103.948
104.14
104.3106
104.4813
105.1426
105.8039
105.996
106.1666
106.316
106.508
107.2333
107.8733
108.0439
108.236
108.4066
108.5773
108.7053
108.876
109.6013
110.2626
110.4119
110.5826
110.7533
110.9239
111.0946
111.2439
111.9693
112.6519
112.8226
112.9719
113.1639
113.356
113.5266
113.6973
113.8466
114.1239
114.4653
114.7639
115.02
115.2333
115.4253
115.6173
115.7453
115.9373
116.0653
116.5346
116.7906
117.1106
117.4093
117.6013
117.7506
117.9213
118.0706
118.2413
118.4546
119.1586
119.8413
120.0119
120.2039
120.3533
120.5453
120.8866
121.4839
122.188
122.8706
123.34
123.9373
124.62
125.1533
125.6653
126.3906
127.0306
127.6919
128.1613
128.4173
128.716
128.9933
129.3986
129.5906
129.7826
129.9533
130.1239
130.252
130.4439
130.7639
131.1266
131.4466
131.8306
132.0013
132.1933
132.364
132.5133
132.6839
132.8546
133.196
133.516
133.836
134.22
134.3906
134.5613
134.7319
134.9026
135.052
135.2226
135.5639
135.9053
136.2039
136.5666
136.7586
136.9293
137.1
137.2706
137.4413
137.6333
137.9533
138.316
138.636
138.9986
139.1693
139.34
139.5106
139.6813
139.8733
140.0653
140.3853
140.7053
141.004
141.3666
141.516
141.7293
141.8999
142.0706
142.2413
142.476
142.8386
143.1586
143.4573
143.7133
143.8839
144.0546
144.2253
144.396
144.6733
