49.40082
50.57415
50.93682
52.72882
54.30748
54.77682
55.92882
56.27016
57.40082
58.46748
59.21415
59.53415
60.38748
60.72882
62.22215
62.58481
63.28882
63.60882
64.27016
65.37948
66.36082
67.96082
69.11281
69.58215
70.73415
72.76082
73.42216
74.63814
76.38748
78.71281
79.35281
80.69682
82.23281
82.46748
83.02216
83.49147
84.00349
84.62215
85.36882
86.32882
86.84081
87.41682
87.90749
88.39814
88.80349
89.20882
89.65682
90.04082
90.53147
91.0648
92.36614
93.07016
94.37148
94.88349
95.33147
96.18481
97.10216
97.91281
99.00082
100.0035
100.6861
102.4141
103.0542
104.3342
105.0168
106.4248
107.8115
108.4515
110.1368
111.1608
111.8648
113.4861
114.2968
115.9395
116.6435
118.3502
119.1181
120.6542
122.9155
123.7261
127.9715
128.6541
130.3822
130.7448
132.7715
133.1342
135.1608
135.5448
138.2968
138.6168
140.7075
141.0488
147.9395
150.2861
