73.19868
78.83068
84.05735
85.25202
85.7
89.66801
93.188
96.26
99.14
99.95068
100.6547
101.3587
102.404
103.0867
103.7054
104.4307
105.1133
105.796
106.436
107.204
107.908
108.2707
108.5267
108.868
109.508
110.2547
111.1507
111.812
112.644
113.5827
114.2227
115.652
116.6333
117.4227
117.764
118.084
118.404
119.0867
119.8333
120.196
120.4733
120.8147
121.5187
122.1587
122.884
123.2467
123.8653
124.5693
125.636
126.2973
127.0654
127.9187
128.6867
129.348
130.3293
130.7133
131.78
132.1
132.484
132.8253
133.4867
134.148
134.4893
134.8093
135.2573
135.876
136.5374
136.8573
137.5187
137.86
138.9693
139.268
140.0147
140.6547
142.02
142.724
144.004
