1.066
1.855
2.645
3.455
4.245
5.077
5.845
6.655
7.423
8.234
9.023
9.855
10.623
11.434
12.245
13.013
13.781
14.591
15.445
16.191
17.045
17.834
18.602
19.391
20.159
20.97
21.781
22.591
23.381
24.234
25.002
25.77
26.559
27.391
28.159
28.949
29.759
30.613
31.402
32.17
32.938
33.727
34.559
35.37
36.159
36.97
37.738
38.549
39.359
40.149
40.959
41.749
42.559
43.306
44.159
44.949
45.717
46.57
47.295
48.149
48.938
49.727
50.538
51.349
52.095
52.949
53.717
54.527
55.338
56.149
56.874
57.727
58.495
59.306
60.117
60.885
61.738
62.485
63.295
64.127
64.895
65.727
66.517
67.349
68.095
68.906
69.653
70.485
71.253
72.106
72.874
73.77
74.517
75.349
76.095
76.885
77.653
78.442
79.253
80.063
80.874
81.706
82.474
83.263
84.053
84.842
85.632
86.442
87.274
88.106
88.895
89.663
90.453
91.285
92.053
92.885
93.61
94.463
95.21
96.021
96.831
97.642
98.432
99.306
100.053
100.863
101.632
102.421
103.21
104.021
104.853
105.663
106.517
107.263
108.117
108.885
109.589
110.442
111.189
112.042
112.789
113.621
114.389
115.178
115.967
116.778
117.567
118.357
119.146
120.021
120.789
121.621
122.41
123.178
123.967
124.778
125.183
125.61
125.994
127.189
127.551
127.978
128.767
129.599
130.389
131.199
131.989
132.799
133.546
134.378
135.189
136.021
136.767
137.578
138.367
139.157
139.946
140.757
141.546
142.378
143.125
143.957
144.746
145.578
146.346
147.178
147.925
148.714
149.546
